277777788888899
277777788888989
277777788888998
277777788889889
277777788889898
277777788889988
277777788898889
277777788898898
277777788898988
277777788899888
277777788988889
277777788988898
277777788988988
277777788989888
277777788998888
277777789888889
277777789888898
277777789888988
277777789889888
277777789898888
277777789988888
277777798888889
277777798888898
277777798888988
277777798889888
277777798898888
277777798988888
277777799888888
277777878888899
277777878888989
277777878888998
277777878889889
277777878889898
277777878889988
277777878898889
277777878898898
277777878898988
277777878899888
277777878988889
277777878988898
277777878988988
277777878989888
277777878998888
277777879888889
277777879888898
277777879888988
277777879889888
277777879898888
277777879988888
277777887888899
277777887888989
277777887888998
277777887889889
277777887889898
277777887889988
277777887898889
277777887898898
277777887898988
277777887899888
277777887988889
277777887988898
277777887988988
277777887989888
277777887998888
277777888788899
277777888788989
277777888788998
277777888789889
277777888789898
277777888789988
277777888798889
277777888798898
277777888798988
277777888799888
277777888878899
277777888878989
277777888878998
277777888879889
277777888879898
277777888879988
277777888887899
277777888887989
277777888887998
277777888888799
277777888888979
277777888888997
277777888889789
277777888889798
277777888889879
277777888889897
277777888889978
277777888889987
277777888897889
277777888897898
277777888897988
277777888898789
277777888898798
277777888898879
277777888898897
277777888898978
277777888898987
277777888899788
277777888899878
277777888899887
277777888978889
277777888978898
277777888978988
277777888979888
277777888987889
277777888987898
277777888987988
277777888988789
277777888988798
277777888988879
277777888988897
277777888988978
277777888988987
277777888989788
277777888989878
277777888989887
277777888997888
277777888998788
277777888998878
277777888998887
277777889788889
277777889788898
277777889788988
277777889789888
277777889798888
277777889878889
277777889878898
277777889878988
277777889879888
277777889887889
277777889887898
277777889887988
277777889888789
277777889888798
277777889888879
277777889888897
277777889888978
277777889888987
277777889889788
277777889889878
277777889889887
277777889897888
277777889898788
277777889898878
277777889898887
277777889978888
277777889987888
277777889988788
277777889988878
277777889988887
277777897888889
277777897888898
277777897888988
277777897889888
277777897898888
277777897988888
277777898788889
277777898788898
277777898788988
277777898789888
277777898798888
277777898878889
277777898878898
277777898878988
277777898879888
277777898887889
277777898887898
277777898887988
277777898888789
277777898888798
277777898888879
277777898888897
277777898888978
277777898888987
277777898889788
277777898889878
277777898889887
277777898897888
277777898898788
277777898898878
277777898898887
277777898978888
277777898987888
277777898988788
277777898988878
277777898988887
277777899788888
277777899878888
277777899887888
277777899888788
277777899888878
277777899888887
277777978888889
277777978888898
277777978888988
277777978889888
277777978898888
277777978988888
277777979888888
277777987888889
277777987888898
277777987888988
277777987889888
277777987898888
277777987988888
277777988788889
277777988788898
277777988788988
277777988789888
277777988798888
277777988878889
277777988878898
277777988878988
277777988879888
277777988887889
277777988887898
277777988887988
277777988888789
277777988888798
277777988888879
277777988888897
277777988888978
277777988888987
277777988889788
277777988889878
277777988889887
277777988897888
277777988898788
277777988898878
277777988898887
277777988978888
277777988987888
277777988988788
277777988988878
277777988988887
277777989788888
277777989878888
277777989887888
277777989888788
277777989888878
277777989888887
277777997888888
277777998788888
277777998878888
277777998887888
277777998888788
277777998888878
277777998888887
277778778888899
277778778888989
277778778888998
277778778889889
277778778889898
277778778889988
277778778898889
277778778898898
277778778898988
277778778899888
277778778988889
277778778988898
277778778988988
277778778989888
277778778998888
277778779888889
277778779888898
277778779888988
277778779889888
277778779898888
277778779988888
277778787888899
277778787888989
277778787888998
277778787889889
277778787889898
277778787889988
277778787898889
277778787898898
277778787898988
277778787899888
277778787988889
277778787988898
277778787988988
277778787989888
277778787998888
277778788788899
277778788788989
277778788788998
277778788789889
277778788789898
277778788789988
277778788798889
277778788798898
277778788798988
277778788799888
277778788878899
277778788878989
277778788878998
277778788879889
277778788879898
277778788879988
277778788887899
277778788887989
277778788887998
277778788888799
277778788888979
277778788888997
277778788889789
277778788889798
277778788889879
277778788889897
277778788889978
277778788889987
277778788897889
277778788897898
277778788897988
277778788898789
277778788898798
277778788898879
277778788898897
277778788898978
277778788898987
277778788899788
277778788899878
277778788899887
277778788978889
277778788978898
277778788978988
277778788979888
277778788987889
277778788987898
277778788987988
277778788988789
277778788988798
277778788988879
277778788988897
277778788988978
277778788988987
277778788989788
277778788989878
277778788989887
277778788997888
277778788998788
277778788998878
277778788998887
277778789788889
277778789788898
277778789788988
277778789789888
277778789798888
277778789878889
277778789878898
277778789878988
277778789879888
277778789887889
277778789887898
277778789887988
277778789888789
277778789888798
277778789888879
277778789888897
277778789888978
277778789888987
277778789889788
277778789889878
277778789889887
277778789897888
277778789898788
277778789898878
277778789898887
277778789978888
277778789987888
277778789988788
277778789988878
277778789988887
277778797888889
277778797888898
277778797888988
277778797889888
277778797898888
277778797988888
277778798788889
277778798788898
277778798788988
277778798789888
277778798798888
277778798878889
277778798878898
277778798878988
277778798879888
277778798887889
277778798887898
277778798887988
277778798888789
277778798888798
277778798888879
277778798888897
277778798888978
277778798888987
277778798889788
277778798889878
277778798889887
277778798897888
277778798898788
277778798898878
277778798898887
277778798978888
277778798987888
277778798988788
277778798988878
277778798988887
277778799788888
277778799878888
277778799887888
277778799888788
277778799888878
277778799888887
277778877888899
277778877888989
277778877888998
277778877889889
277778877889898
277778877889988
277778877898889
277778877898898
277778877898988
277778877899888
277778877988889
277778877988898
277778877988988
277778877989888
277778877998888
277778878788899
277778878788989
277778878788998
277778878789889
277778878789898
277778878789988
277778878798889
277778878798898
277778878798988
277778878799888
277778878878899
277778878878989
277778878878998
277778878879889
277778878879898
277778878879988
277778878887899
277778878887989
277778878887998
277778878888799
277778878888979
277778878888997
277778878889789
277778878889798
277778878889879
277778878889897
277778878889978
277778878889987
277778878897889
277778878897898
277778878897988
277778878898789
277778878898798
277778878898879
277778878898897
277778878898978
277778878898987
277778878899788
277778878899878
277778878899887
277778878978889
277778878978898
277778878978988
277778878979888
277778878987889
277778878987898
277778878987988
277778878988789
277778878988798
277778878988879
277778878988897
277778878988978
277778878988987
277778878989788
277778878989878
277778878989887
277778878997888
277778878998788
277778878998878
277778878998887
277778879788889
277778879788898
277778879788988
277778879789888
277778879798888
277778879878889
277778879878898
277778879878988
277778879879888
277778879887889
277778879887898
277778879887988
277778879888789
277778879888798
277778879888879
277778879888897
277778879888978
277778879888987
277778879889788
277778879889878
277778879889887
277778879897888
277778879898788
277778879898878
277778879898887
277778879978888
277778879987888
277778879988788
277778879988878
277778879988887
277778887788899
277778887788989
277778887788998
277778887789889
277778887789898
277778887789988
277778887798889
277778887798898
277778887798988
277778887799888
277778887878899
277778887878989
277778887878998
277778887879889
277778887879898
277778887879988
277778887887899
277778887887989
277778887887998
277778887888799
277778887888979
277778887888997
277778887889789
277778887889798
277778887889879
277778887889897
277778887889978
277778887889987
277778887897889
277778887897898
277778887897988
277778887898789
277778887898798
277778887898879
277778887898897
277778887898978
277778887898987
277778887899788
277778887899878
277778887899887
277778887978889
277778887978898
277778887978988
277778887979888
277778887987889
277778887987898
277778887987988
277778887988789
277778887988798
277778887988879
277778887988897
277778887988978
277778887988987
277778887989788
277778887989878
277778887989887
277778887997888
277778887998788
277778887998878
277778887998887
277778888778899
277778888778989
277778888778998
277778888779889
277778888779898
277778888779988
277778888787899
277778888787989
277778888787998
277778888788799
277778888788979
277778888788997
277778888789789
277778888789798
277778888789879
277778888789897
277778888789978
277778888789987
277778888797889
277778888797898
277778888797988
277778888798789
277778888798798
277778888798879
277778888798897
277778888798978
277778888798987
277778888799788
277778888799878
277778888799887
277778888877899
277778888877989
277778888877998
277778888878799
277778888878979
277778888878997
277778888879789
277778888879798
277778888879879
277778888879897
277778888879978
277778888879987
277778888887799
277778888887979
277778888887997
277778888889779
277778888889797
277778888889977
277778888897789
277778888897798
277778888897879
277778888897897
277778888897978
277778888897987
277778888898779
277778888898797
277778888898977
277778888899778
277778888899787
277778888899877
277778888977889
277778888977898
277778888977988
277778888978789
277778888978798
277778888978879
277778888978897
277778888978978
277778888978987
277778888979788
277778888979878
277778888979887
277778888987789
277778888987798
277778888987879
277778888987897
277778888987978
277778888987987
277778888988779
277778888988797
277778888988977
277778888989778
277778888989787
277778888989877
277778888997788
277778888997878
277778888997887
277778888998778
277778888998787
277778888998877
277778889778889
277778889778898
277778889778988
277778889779888
277778889787889
277778889787898
277778889787988
277778889788789
277778889788798
277778889788879
277778889788897
277778889788978
277778889788987
277778889789788
277778889789878
277778889789887
277778889797888
277778889798788
277778889798878
277778889798887
277778889877889
277778889877898
277778889877988
277778889878789
277778889878798
277778889878879
277778889878897
277778889878978
277778889878987
277778889879788
277778889879878
277778889879887
277778889887789
277778889887798
277778889887879
277778889887897
277778889887978
277778889887987
277778889888779
277778889888797
277778889888977
277778889889778
277778889889787
277778889889877
277778889897788
277778889897878
277778889897887
277778889898778
277778889898787
277778889898877
277778889977888
277778889978788
277778889978878
277778889978887
277778889987788
277778889987878
277778889987887
277778889988778
277778889988787
277778889988877
277778897788889
277778897788898
277778897788988
277778897789888
277778897798888
277778897878889
277778897878898
277778897878988
277778897879888
277778897887889
277778897887898
277778897887988
277778897888789
277778897888798
277778897888879
277778897888897
277778897888978
277778897888987
277778897889788
277778897889878
277778897889887
277778897897888
277778897898788
277778897898878
277778897898887
277778897978888
277778897987888
277778897988788
277778897988878
277778897988887
277778898778889
277778898778898
277778898778988
277778898779888
277778898787889
277778898787898
277778898787988
277778898788789
277778898788798
277778898788879
277778898788897
277778898788978
277778898788987
277778898789788
277778898789878
277778898789887
277778898797888
277778898798788
277778898798878
277778898798887
277778898877889
277778898877898
277778898877988
277778898878789
277778898878798
277778898878879
277778898878897
277778898878978
277778898878987
277778898879788
277778898879878
277778898879887
277778898887789
277778898887798
277778898887879
277778898887897
277778898887978
277778898887987
277778898888779
277778898888797
277778898888977
277778898889778
277778898889787
277778898889877
277778898897788
277778898897878
277778898897887
277778898898778
277778898898787
277778898898877
277778898977888
277778898978788
277778898978878
277778898978887
277778898987788
277778898987878
277778898987887
277778898988778
277778898988787
277778898988877
277778899778888
277778899787888
277778899788788
277778899788878
277778899788887
277778899877888
277778899878788
277778899878878
277778899878887
277778899887788
277778899887878
277778899887887
277778899888778
277778899888787
277778899888877
277778977888889
277778977888898
277778977888988
277778977889888
277778977898888
277778977988888
277778978788889
277778978788898
277778978788988
277778978789888
277778978798888
277778978878889
277778978878898
277778978878988
277778978879888
277778978887889
277778978887898
277778978887988
277778978888789
277778978888798
277778978888879
277778978888897
277778978888978
277778978888987
277778978889788
277778978889878
277778978889887
277778978897888
277778978898788
277778978898878
277778978898887
277778978978888
277778978987888
277778978988788
277778978988878
277778978988887
277778979788888
277778979878888
277778979887888
277778979888788
277778979888878
277778979888887
277778987788889
277778987788898
277778987788988
277778987789888
277778987798888
277778987878889
277778987878898
277778987878988
277778987879888
277778987887889
277778987887898
277778987887988
277778987888789
277778987888798
277778987888879
277778987888897
277778987888978
277778987888987
277778987889788
277778987889878
277778987889887
277778987897888
277778987898788
277778987898878
277778987898887
277778987978888
277778987987888
277778987988788
277778987988878
277778987988887
277778988778889
277778988778898
277778988778988
277778988779888
277778988787889
277778988787898
277778988787988
277778988788789
277778988788798
277778988788879
277778988788897
277778988788978
277778988788987
277778988789788
277778988789878
277778988789887
277778988797888
277778988798788
277778988798878
277778988798887
277778988877889
277778988877898
277778988877988
277778988878789
277778988878798
277778988878879
277778988878897
277778988878978
277778988878987
277778988879788
277778988879878
277778988879887
277778988887789
277778988887798
277778988887879
277778988887897
277778988887978
277778988887987
277778988888779
277778988888797
277778988888977
277778988889778
277778988889787
277778988889877
277778988897788
277778988897878
277778988897887
277778988898778
277778988898787
277778988898877
277778988977888
277778988978788
277778988978878
277778988978887
277778988987788
277778988987878
277778988987887
277778988988778
277778988988787
277778988988877
277778989778888
277778989787888
277778989788788
277778989788878
277778989788887
277778989877888
277778989878788
277778989878878
277778989878887
277778989887788
277778989887878
277778989887887
277778989888778
277778989888787
277778989888877
277778997788888
277778997878888
277778997887888
277778997888788
277778997888878
277778997888887
277778998778888
277778998787888
277778998788788
277778998788878
277778998788887
277778998877888
277778998878788
277778998878878
277778998878887
277778998887788
277778998887878
277778998887887
277778998888778
277778998888787
277778998888877
277779778888889
277779778888898
277779778888988
277779778889888
277779778898888
277779778988888
277779779888888
277779787888889
277779787888898
277779787888988
277779787889888
277779787898888
277779787988888
277779788788889
277779788788898
277779788788988
277779788789888
277779788798888
277779788878889
277779788878898
277779788878988
277779788879888
277779788887889
277779788887898
277779788887988
277779788888789
277779788888798
277779788888879
277779788888897
277779788888978
277779788888987
277779788889788
277779788889878
277779788889887
277779788897888
277779788898788
277779788898878
277779788898887
277779788978888
277779788987888
277779788988788
277779788988878
277779788988887
277779789788888
277779789878888
277779789887888
277779789888788
277779789888878
277779789888887
277779797888888
277779798788888
277779798878888
277779798887888
277779798888788
277779798888878
277779798888887
277779877888889
277779877888898
277779877888988
277779877889888
277779877898888
277779877988888
277779878788889
277779878788898
277779878788988
277779878789888
277779878798888
277779878878889
277779878878898
277779878878988
277779878879888
277779878887889
277779878887898
277779878887988
277779878888789
277779878888798
277779878888879
277779878888897
277779878888978
277779878888987
277779878889788
277779878889878
277779878889887
277779878897888
277779878898788
277779878898878
277779878898887
277779878978888
277779878987888
277779878988788
277779878988878
277779878988887
277779879788888
277779879878888
277779879887888
277779879888788
277779879888878
277779879888887
277779887788889
277779887788898
277779887788988
277779887789888
277779887798888
277779887878889
277779887878898
277779887878988
277779887879888
277779887887889
277779887887898
277779887887988
277779887888789
277779887888798
277779887888879
277779887888897
277779887888978
277779887888987
277779887889788
277779887889878
277779887889887
277779887897888
277779887898788
277779887898878
277779887898887
277779887978888
277779887987888
277779887988788
277779887988878
277779887988887
277779888778889
277779888778898
277779888778988
277779888779888
277779888787889
277779888787898
277779888787988
277779888788789
277779888788798
277779888788879
277779888788897
277779888788978
277779888788987
277779888789788
277779888789878
277779888789887
277779888797888
277779888798788
277779888798878
277779888798887
277779888877889
277779888877898
277779888877988
277779888878789
277779888878798
277779888878879
277779888878897
277779888878978
277779888878987
277779888879788
277779888879878
277779888879887
277779888887789
277779888887798
277779888887879
277779888887897
277779888887978
277779888887987
277779888888779
277779888888797
277779888888977
277779888889778
277779888889787
277779888889877
277779888897788
277779888897878
277779888897887
277779888898778
277779888898787
277779888898877
277779888977888
277779888978788
277779888978878
277779888978887
277779888987788
277779888987878
277779888987887
277779888988778
277779888988787
277779888988877
277779889778888
277779889787888
277779889788788
277779889788878
277779889788887
277779889877888
277779889878788
277779889878878
277779889878887
277779889887788
277779889887878
277779889887887
277779889888778
277779889888787
277779889888877
277779897788888
277779897878888
277779897887888
277779897888788
277779897888878
277779897888887
277779898778888
277779898787888
277779898788788
277779898788878
277779898788887
277779898877888
277779898878788
277779898878878
277779898878887
277779898887788
277779898887878
277779898887887
277779898888778
277779898888787
277779898888877
277779977888888
277779978788888
277779978878888
277779978887888
277779978888788
277779978888878
277779978888887
277779987788888
277779987878888
277779987887888
277779987888788
277779987888878
277779987888887
277779988778888
277779988787888
277779988788788
277779988788878
277779988788887
277779988877888
277779988878788
277779988878878
277779988878887
277779988887788
277779988887878
277779988887887
277779988888778
277779988888787
277779988888877
277787778888899
277787778888989
277787778888998
277787778889889
277787778889898
277787778889988
277787778898889
277787778898898
277787778898988
277787778899888
277787778988889
277787778988898
277787778988988
277787778989888
277787778998888
277787779888889
277787779888898
277787779888988
277787779889888
277787779898888
277787779988888
277787787888899
277787787888989
277787787888998
277787787889889
277787787889898
277787787889988
277787787898889
277787787898898
277787787898988
277787787899888
277787787988889
277787787988898
277787787988988
277787787989888
277787787998888
277787788788899
277787788788989
277787788788998
277787788789889
277787788789898
277787788789988
277787788798889
277787788798898
277787788798988
277787788799888
277787788878899
277787788878989
277787788878998
277787788879889
277787788879898
277787788879988
277787788887899
277787788887989
277787788887998
277787788888799
277787788888979
277787788888997
277787788889789
277787788889798
277787788889879
277787788889897
277787788889978
277787788889987
277787788897889
277787788897898
277787788897988
277787788898789
277787788898798
277787788898879
277787788898897
277787788898978
277787788898987
277787788899788
277787788899878
277787788899887
277787788978889
277787788978898
277787788978988
277787788979888
277787788987889
277787788987898
277787788987988
277787788988789
277787788988798
277787788988879
277787788988897
277787788988978
277787788988987
277787788989788
277787788989878
277787788989887
277787788997888
277787788998788
277787788998878
277787788998887
277787789788889
277787789788898
277787789788988
277787789789888
277787789798888
277787789878889
277787789878898
277787789878988
277787789879888
277787789887889
277787789887898
277787789887988
277787789888789
277787789888798
277787789888879
277787789888897
277787789888978
277787789888987
277787789889788
277787789889878
277787789889887
277787789897888
277787789898788
277787789898878
277787789898887
277787789978888
277787789987888
277787789988788
277787789988878
277787789988887
277787797888889
277787797888898
277787797888988
277787797889888
277787797898888
277787797988888
277787798788889
277787798788898
277787798788988
277787798789888
277787798798888
277787798878889
277787798878898
277787798878988
277787798879888
277787798887889
277787798887898
277787798887988
277787798888789
277787798888798
277787798888879
277787798888897
277787798888978
277787798888987
277787798889788
277787798889878
277787798889887
277787798897888
277787798898788
277787798898878
277787798898887
277787798978888
277787798987888
277787798988788
277787798988878
277787798988887
277787799788888
277787799878888
277787799887888
277787799888788
277787799888878
277787799888887
277787877888899
277787877888989
277787877888998
277787877889889
277787877889898
277787877889988
277787877898889
277787877898898
277787877898988
277787877899888
277787877988889
277787877988898
277787877988988
277787877989888
277787877998888
277787878788899
277787878788989
277787878788998
277787878789889
277787878789898
277787878789988
277787878798889
277787878798898
277787878798988
277787878799888
277787878878899
277787878878989
277787878878998
277787878879889
277787878879898
277787878879988
277787878887899
277787878887989
277787878887998
277787878888799
277787878888979
277787878888997
277787878889789
277787878889798
277787878889879
277787878889897
277787878889978
277787878889987
277787878897889
277787878897898
277787878897988
277787878898789
277787878898798
277787878898879
277787878898897
277787878898978
277787878898987
277787878899788
277787878899878
277787878899887
277787878978889
277787878978898
277787878978988
277787878979888
277787878987889
277787878987898
277787878987988
277787878988789
277787878988798
277787878988879
277787878988897
277787878988978
277787878988987
277787878989788
277787878989878
277787878989887
277787878997888
277787878998788
277787878998878
277787878998887
277787879788889
277787879788898
277787879788988
277787879789888
277787879798888
277787879878889
277787879878898
277787879878988
277787879879888
277787879887889
277787879887898
277787879887988
277787879888789
277787879888798
277787879888879
277787879888897
277787879888978
277787879888987
277787879889788
277787879889878
277787879889887
277787879897888
277787879898788
277787879898878
277787879898887
277787879978888
277787879987888
277787879988788
277787879988878
277787879988887
277787887788899
277787887788989
277787887788998
277787887789889
277787887789898
277787887789988
277787887798889
277787887798898
277787887798988
277787887799888
277787887878899
277787887878989
277787887878998
277787887879889
277787887879898
277787887879988
277787887887899
277787887887989
277787887887998
277787887888799
277787887888979
277787887888997
277787887889789
277787887889798
277787887889879
277787887889897
277787887889978
277787887889987
277787887897889
277787887897898
277787887897988
277787887898789
277787887898798
277787887898879
277787887898897
277787887898978
277787887898987
277787887899788
277787887899878
277787887899887
277787887978889
277787887978898
277787887978988
277787887979888
277787887987889
277787887987898
277787887987988
277787887988789
277787887988798
277787887988879
277787887988897
277787887988978
277787887988987
277787887989788
277787887989878
277787887989887
277787887997888
277787887998788
277787887998878
277787887998887
277787888778899
277787888778989
277787888778998
277787888779889
277787888779898
277787888779988
277787888787899
277787888787989
277787888787998
277787888788799
277787888788979
277787888788997
277787888789789
277787888789798
277787888789879
277787888789897
277787888789978
277787888789987
277787888797889
277787888797898
277787888797988
277787888798789
277787888798798
277787888798879
277787888798897
277787888798978
277787888798987
277787888799788
277787888799878
277787888799887
277787888877899
277787888877989
277787888877998
277787888878799
277787888878979
277787888878997
277787888879789
277787888879798
277787888879879
277787888879897
277787888879978
277787888879987
277787888887799
277787888887979
277787888887997
277787888889779
277787888889797
277787888889977
277787888897789
277787888897798
277787888897879
277787888897897
277787888897978
277787888897987
277787888898779
277787888898797
277787888898977
277787888899778
277787888899787
277787888899877
277787888977889
277787888977898
277787888977988
277787888978789
277787888978798
277787888978879
277787888978897
277787888978978
277787888978987
277787888979788
277787888979878
277787888979887
277787888987789
277787888987798
277787888987879
277787888987897
277787888987978
277787888987987
277787888988779
277787888988797
277787888988977
277787888989778
277787888989787
277787888989877
277787888997788
277787888997878
277787888997887
277787888998778
277787888998787
277787888998877
277787889778889
277787889778898
277787889778988
277787889779888
277787889787889
277787889787898
277787889787988
277787889788789
277787889788798
277787889788879
277787889788897
277787889788978
277787889788987
277787889789788
277787889789878
277787889789887
277787889797888
277787889798788
277787889798878
277787889798887
277787889877889
277787889877898
277787889877988
277787889878789
277787889878798
277787889878879
277787889878897
277787889878978
277787889878987
277787889879788
277787889879878
277787889879887
277787889887789
277787889887798
277787889887879
277787889887897
277787889887978
277787889887987
277787889888779
277787889888797
277787889888977
277787889889778
277787889889787
277787889889877
277787889897788
277787889897878
277787889897887
277787889898778
277787889898787
277787889898877
277787889977888
277787889978788
277787889978878
277787889978887
277787889987788
277787889987878
277787889987887
277787889988778
277787889988787
277787889988877
277787897788889
277787897788898
277787897788988
277787897789888
277787897798888
277787897878889
277787897878898
277787897878988
277787897879888
277787897887889
277787897887898
277787897887988
277787897888789
277787897888798
277787897888879
277787897888897
277787897888978
277787897888987
277787897889788
277787897889878
277787897889887
277787897897888
277787897898788
277787897898878
277787897898887
277787897978888
277787897987888
277787897988788
277787897988878
277787897988887
277787898778889
277787898778898
277787898778988
277787898779888
277787898787889
277787898787898
277787898787988
277787898788789
277787898788798
277787898788879
277787898788897
277787898788978
277787898788987
277787898789788
277787898789878
277787898789887
277787898797888
277787898798788
277787898798878
277787898798887
277787898877889
277787898877898
277787898877988
277787898878789
277787898878798
277787898878879
277787898878897
277787898878978
277787898878987
277787898879788
277787898879878
277787898879887
277787898887789
277787898887798
277787898887879
277787898887897
277787898887978
277787898887987
277787898888779
277787898888797
277787898888977
277787898889778
277787898889787
277787898889877
277787898897788
277787898897878
277787898897887
277787898898778
277787898898787
277787898898877
277787898977888
277787898978788
277787898978878
277787898978887
277787898987788
277787898987878
277787898987887
277787898988778
277787898988787
277787898988877
277787899778888
277787899787888
277787899788788
277787899788878
277787899788887
277787899877888
277787899878788
277787899878878
277787899878887
277787899887788
277787899887878
277787899887887
277787899888778
277787899888787
277787899888877
277787977888889
277787977888898
277787977888988
277787977889888
277787977898888
277787977988888
277787978788889
277787978788898
277787978788988
277787978789888
277787978798888
277787978878889
277787978878898
277787978878988
277787978879888
277787978887889
277787978887898
277787978887988
277787978888789
277787978888798
277787978888879
277787978888897
277787978888978
277787978888987
277787978889788
277787978889878
277787978889887
277787978897888
277787978898788
277787978898878
277787978898887
277787978978888
277787978987888
277787978988788
277787978988878
277787978988887
277787979788888
277787979878888
277787979887888
277787979888788
277787979888878
277787979888887
277787987788889
277787987788898
277787987788988
277787987789888
277787987798888
277787987878889
277787987878898
277787987878988
277787987879888
277787987887889
277787987887898
277787987887988
277787987888789
277787987888798
277787987888879
277787987888897
277787987888978
277787987888987
277787987889788
277787987889878
277787987889887
277787987897888
277787987898788
277787987898878
277787987898887
277787987978888
277787987987888
277787987988788
277787987988878
277787987988887
277787988778889
277787988778898
277787988778988
277787988779888
277787988787889
277787988787898
277787988787988
277787988788789
277787988788798
277787988788879
277787988788897
277787988788978
277787988788987
277787988789788
277787988789878
277787988789887
277787988797888
277787988798788
277787988798878
277787988798887
277787988877889
277787988877898
277787988877988
277787988878789
277787988878798
277787988878879
277787988878897
277787988878978
277787988878987
277787988879788
277787988879878
277787988879887
277787988887789
277787988887798
277787988887879
277787988887897
277787988887978
277787988887987
277787988888779
277787988888797
277787988888977
277787988889778
277787988889787
277787988889877
277787988897788
277787988897878
277787988897887
277787988898778
277787988898787
277787988898877
277787988977888
277787988978788
277787988978878
277787988978887
277787988987788
277787988987878
277787988987887
277787988988778
277787988988787
277787988988877
277787989778888
277787989787888
277787989788788
277787989788878
277787989788887
277787989877888
277787989878788
277787989878878
277787989878887
277787989887788
277787989887878
277787989887887
277787989888778
277787989888787
277787989888877
277787997788888
277787997878888
277787997887888
277787997888788
277787997888878
277787997888887
277787998778888
277787998787888
277787998788788
277787998788878
277787998788887
277787998877888
277787998878788
277787998878878
277787998878887
277787998887788
277787998887878
277787998887887
277787998888778
277787998888787
277787998888877
277788777888899
277788777888989
277788777888998
277788777889889
277788777889898
277788777889988
277788777898889
277788777898898
277788777898988
277788777899888
277788777988889
277788777988898
277788777988988
277788777989888
277788777998888
277788778788899
277788778788989
277788778788998
277788778789889
277788778789898
277788778789988
277788778798889
277788778798898
277788778798988
277788778799888
277788778878899
277788778878989
277788778878998
277788778879889
277788778879898
277788778879988
277788778887899
277788778887989
277788778887998
277788778888799
277788778888979
277788778888997
277788778889789
277788778889798
277788778889879
277788778889897
277788778889978
277788778889987
277788778897889
277788778897898
277788778897988
277788778898789
277788778898798
277788778898879
277788778898897
277788778898978
277788778898987
277788778899788
277788778899878
277788778899887
277788778978889
277788778978898
277788778978988
277788778979888
277788778987889
277788778987898
277788778987988
277788778988789
277788778988798
277788778988879
277788778988897
277788778988978
277788778988987
277788778989788
277788778989878
277788778989887
277788778997888
277788778998788
277788778998878
277788778998887
277788779788889
277788779788898
277788779788988
277788779789888
277788779798888
277788779878889
277788779878898
277788779878988
277788779879888
277788779887889
277788779887898
277788779887988
277788779888789
277788779888798
277788779888879
277788779888897
277788779888978
277788779888987
277788779889788
277788779889878
277788779889887
277788779897888
277788779898788
277788779898878
277788779898887
277788779978888
277788779987888
277788779988788
277788779988878
277788779988887
277788787788899
277788787788989
277788787788998
277788787789889
277788787789898
277788787789988
277788787798889
277788787798898
277788787798988
277788787799888
277788787878899
277788787878989
277788787878998
277788787879889
277788787879898
277788787879988
277788787887899
277788787887989
277788787887998
277788787888799
277788787888979
277788787888997
277788787889789
277788787889798
277788787889879
277788787889897
277788787889978
277788787889987
277788787897889
277788787897898
277788787897988
277788787898789
277788787898798
277788787898879
277788787898897
277788787898978
277788787898987
277788787899788
277788787899878
277788787899887
277788787978889
277788787978898
277788787978988
277788787979888
277788787987889
277788787987898
277788787987988
277788787988789
277788787988798
277788787988879
277788787988897
277788787988978
277788787988987
277788787989788
277788787989878
277788787989887
277788787997888
277788787998788
277788787998878
277788787998887
277788788778899
277788788778989
277788788778998
277788788779889
277788788779898
277788788779988
277788788787899
277788788787989
277788788787998
277788788788799
277788788788979
277788788788997
277788788789789
277788788789798
277788788789879
277788788789897
277788788789978
277788788789987
277788788797889
277788788797898
277788788797988
277788788798789
277788788798798
277788788798879
277788788798897
277788788798978
277788788798987
277788788799788
277788788799878
277788788799887
277788788877899
277788788877989
277788788877998
277788788878799
277788788878979
277788788878997
277788788879789
277788788879798
277788788879879
277788788879897
277788788879978
277788788879987
277788788887799
277788788887979
277788788887997
277788788889779
277788788889797
277788788889977
277788788897789
277788788897798
277788788897879
277788788897897
277788788897978
277788788897987
277788788898779
277788788898797
277788788898977
277788788899778
277788788899787
277788788899877
277788788977889
277788788977898
277788788977988
277788788978789
277788788978798
277788788978879
277788788978897
277788788978978
277788788978987
277788788979788
277788788979878
277788788979887
277788788987789
277788788987798
277788788987879
277788788987897
277788788987978
277788788987987
277788788988779
277788788988797
277788788988977
277788788989778
277788788989787
277788788989877
277788788997788
277788788997878
277788788997887
277788788998778
277788788998787
277788788998877
277788789778889
277788789778898
277788789778988
277788789779888
277788789787889
277788789787898
277788789787988
277788789788789
277788789788798
277788789788879
277788789788897
277788789788978
277788789788987
277788789789788
277788789789878
277788789789887
277788789797888
277788789798788
277788789798878
277788789798887
277788789877889
277788789877898
277788789877988
277788789878789
277788789878798
277788789878879
277788789878897
277788789878978
277788789878987
277788789879788
277788789879878
277788789879887
277788789887789
277788789887798
277788789887879
277788789887897
277788789887978
277788789887987
277788789888779
277788789888797
277788789888977
277788789889778
277788789889787
277788789889877
277788789897788
277788789897878
277788789897887
277788789898778
277788789898787
277788789898877
277788789977888
277788789978788
277788789978878
277788789978887
277788789987788
277788789987878
277788789987887
277788789988778
277788789988787
277788789988877
277788797788889
277788797788898
277788797788988
277788797789888
277788797798888
277788797878889
277788797878898
277788797878988
277788797879888
277788797887889
277788797887898
277788797887988
277788797888789
277788797888798
277788797888879
277788797888897
277788797888978
277788797888987
277788797889788
277788797889878
277788797889887
277788797897888
277788797898788
277788797898878
277788797898887
277788797978888
277788797987888
277788797988788
277788797988878
277788797988887
277788798778889
277788798778898
277788798778988
277788798779888
277788798787889
277788798787898
277788798787988
277788798788789
277788798788798
277788798788879
277788798788897
277788798788978
277788798788987
277788798789788
277788798789878
277788798789887
277788798797888
277788798798788
277788798798878
277788798798887
277788798877889
277788798877898
277788798877988
277788798878789
277788798878798
277788798878879
277788798878897
277788798878978
277788798878987
277788798879788
277788798879878
277788798879887
277788798887789
277788798887798
277788798887879
277788798887897
277788798887978
277788798887987
277788798888779
277788798888797
277788798888977
277788798889778
277788798889787
277788798889877
277788798897788
277788798897878
277788798897887
277788798898778
277788798898787
277788798898877
277788798977888
277788798978788
277788798978878
277788798978887
277788798987788
277788798987878
277788798987887
277788798988778
277788798988787
277788798988877
277788799778888
277788799787888
277788799788788
277788799788878
277788799788887
277788799877888
277788799878788
277788799878878
277788799878887
277788799887788
277788799887878
277788799887887
277788799888778
277788799888787
277788799888877
277788877788899
277788877788989
277788877788998
277788877789889
277788877789898
277788877789988
277788877798889
277788877798898
277788877798988
277788877799888
277788877878899
277788877878989
277788877878998
277788877879889
277788877879898
277788877879988
277788877887899
277788877887989
277788877887998
277788877888799
277788877888979
277788877888997
277788877889789
277788877889798
277788877889879
277788877889897
277788877889978
277788877889987
277788877897889
277788877897898
277788877897988
277788877898789
277788877898798
277788877898879
277788877898897
277788877898978
277788877898987
277788877899788
277788877899878
277788877899887
277788877978889
277788877978898
277788877978988
277788877979888
277788877987889
277788877987898
277788877987988
277788877988789
277788877988798
277788877988879
277788877988897
277788877988978
277788877988987
277788877989788
277788877989878
277788877989887
277788877997888
277788877998788
277788877998878
277788877998887
277788878778899
277788878778989
277788878778998
277788878779889
277788878779898
277788878779988
277788878787899
277788878787989
277788878787998
277788878788799
277788878788979
277788878788997
277788878789789
277788878789798
277788878789879
277788878789897
277788878789978
277788878789987
277788878797889
277788878797898
277788878797988
277788878798789
277788878798798
277788878798879
277788878798897
277788878798978
277788878798987
277788878799788
277788878799878
277788878799887
277788878877899
277788878877989
277788878877998
277788878878799
277788878878979
277788878878997
277788878879789
277788878879798
277788878879879
277788878879897
277788878879978
277788878879987
277788878887799
277788878887979
277788878887997
277788878889779
277788878889797
277788878889977
277788878897789
277788878897798
277788878897879
277788878897897
277788878897978
277788878897987
277788878898779
277788878898797
277788878898977
277788878899778
277788878899787
277788878899877
277788878977889
277788878977898
277788878977988
277788878978789
277788878978798
277788878978879
277788878978897
277788878978978
277788878978987
277788878979788
277788878979878
277788878979887
277788878987789
277788878987798
277788878987879
277788878987897
277788878987978
277788878987987
277788878988779
277788878988797
277788878988977
277788878989778
277788878989787
277788878989877
277788878997788
277788878997878
277788878997887
277788878998778
277788878998787
277788878998877
277788879778889
277788879778898
277788879778988
277788879779888
277788879787889
277788879787898
277788879787988
277788879788789
277788879788798
277788879788879
277788879788897
277788879788978
277788879788987
277788879789788
277788879789878
277788879789887
277788879797888
277788879798788
277788879798878
277788879798887
277788879877889
277788879877898
277788879877988
277788879878789
277788879878798
277788879878879
277788879878897
277788879878978
277788879878987
277788879879788
277788879879878
277788879879887
277788879887789
277788879887798
277788879887879
277788879887897
277788879887978
277788879887987
277788879888779
277788879888797
277788879888977
277788879889778
277788879889787
277788879889877
277788879897788
277788879897878
277788879897887
277788879898778
277788879898787
277788879898877
277788879977888
277788879978788
277788879978878
277788879978887
277788879987788
277788879987878
277788879987887
277788879988778
277788879988787
277788879988877
277788887778899
277788887778989
277788887778998
277788887779889
277788887779898
277788887779988
277788887787899
277788887787989
277788887787998
277788887788799
277788887788979
277788887788997
277788887789789
277788887789798
277788887789879
277788887789897
277788887789978
277788887789987
277788887797889
277788887797898
277788887797988
277788887798789
277788887798798
277788887798879
277788887798897
277788887798978
277788887798987
277788887799788
277788887799878
277788887799887
277788887877899
277788887877989
277788887877998
277788887878799
277788887878979
277788887878997
277788887879789
277788887879798
277788887879879
277788887879897
277788887879978
277788887879987
277788887887799
277788887887979
277788887887997
277788887889779
277788887889797
277788887889977
277788887897789
277788887897798
277788887897879
277788887897897
277788887897978
277788887897987
277788887898779
277788887898797
277788887898977
277788887899778
277788887899787
277788887899877
277788887977889
277788887977898
277788887977988
277788887978789
277788887978798
277788887978879
277788887978897
277788887978978
277788887978987
277788887979788
277788887979878
277788887979887
277788887987789
277788887987798
277788887987879
277788887987897
277788887987978
277788887987987
277788887988779
277788887988797
277788887988977
277788887989778
277788887989787
277788887989877
277788887997788
277788887997878
277788887997887
277788887998778
277788887998787
277788887998877
277788888777899
277788888777989
277788888777998
277788888778799
277788888778979
277788888778997
277788888779789
277788888779798
277788888779879
277788888779897
277788888779978
277788888779987
277788888787799
277788888787979
277788888787997
277788888789779
277788888789797
277788888789977
277788888797789
277788888797798
277788888797879
277788888797897
277788888797978
277788888797987
277788888798779
277788888798797
277788888798977
277788888799778
277788888799787
277788888799877
277788888877799
277788888877979
277788888877997
277788888879779
277788888879797
277788888879977
277788888897779
277788888897797
277788888897977
277788888899777
277788888977789
277788888977798
277788888977879
277788888977897
277788888977978
277788888977987
277788888978779
277788888978797
277788888978977
277788888979778
277788888979787
277788888979877
277788888987779
277788888987797
277788888987977
277788888989777
277788888997778
277788888997787
277788888997877
277788888998777
277788889777889
277788889777898
277788889777988
277788889778789
277788889778798
277788889778879
277788889778897
277788889778978
277788889778987
277788889779788
277788889779878
277788889779887
277788889787789
277788889787798
277788889787879
277788889787897
277788889787978
277788889787987
277788889788779
277788889788797
277788889788977
277788889789778
277788889789787
277788889789877
277788889797788
277788889797878
277788889797887
277788889798778
277788889798787
277788889798877
277788889877789
277788889877798
277788889877879
277788889877897
277788889877978
277788889877987
277788889878779
277788889878797
277788889878977
277788889879778
277788889879787
277788889879877
277788889887779
277788889887797
277788889887977
277788889889777
277788889897778
277788889897787
277788889897877
277788889898777
277788889977788
277788889977878
277788889977887
277788889978778
277788889978787
277788889978877
277788889987778
277788889987787
277788889987877
277788889988777
277788897778889
277788897778898
277788897778988
277788897779888
277788897787889
277788897787898
277788897787988
277788897788789
277788897788798
277788897788879
277788897788897
277788897788978
277788897788987
277788897789788
277788897789878
277788897789887
277788897797888
277788897798788
277788897798878
277788897798887
277788897877889
277788897877898
277788897877988
277788897878789
277788897878798
277788897878879
277788897878897
277788897878978
277788897878987
277788897879788
277788897879878
277788897879887
277788897887789
277788897887798
277788897887879
277788897887897
277788897887978
277788897887987
277788897888779
277788897888797
277788897888977
277788897889778
277788897889787
277788897889877
277788897897788
277788897897878
277788897897887
277788897898778
277788897898787
277788897898877
277788897977888
277788897978788
277788897978878
277788897978887
277788897987788
277788897987878
277788897987887
277788897988778
277788897988787
277788897988877
277788898777889
277788898777898
277788898777988
277788898778789
277788898778798
277788898778879
277788898778897
277788898778978
277788898778987
277788898779788
277788898779878
277788898779887
277788898787789
277788898787798
277788898787879
277788898787897
277788898787978
277788898787987
277788898788779
277788898788797
277788898788977
277788898789778
277788898789787
277788898789877
277788898797788
277788898797878
277788898797887
277788898798778
277788898798787
277788898798877
277788898877789
277788898877798
277788898877879
277788898877897
277788898877978
277788898877987
277788898878779
277788898878797
277788898878977
277788898879778
277788898879787
277788898879877
277788898887779
277788898887797
277788898887977
277788898889777
277788898897778
277788898897787
277788898897877
277788898898777
277788898977788
277788898977878
277788898977887
277788898978778
277788898978787
277788898978877
277788898987778
277788898987787
277788898987877
277788898988777
277788899777888
277788899778788
277788899778878
277788899778887
277788899787788
277788899787878
277788899787887
277788899788778
277788899788787
277788899788877
277788899877788
277788899877878
277788899877887
277788899878778
277788899878787
277788899878877
277788899887778
277788899887787
277788899887877
277788899888777
277788977788889
277788977788898
277788977788988
277788977789888
277788977798888
277788977878889
277788977878898
277788977878988
277788977879888
277788977887889
277788977887898
277788977887988
277788977888789
277788977888798
277788977888879
277788977888897
277788977888978
277788977888987
277788977889788
277788977889878
277788977889887
277788977897888
277788977898788
277788977898878
277788977898887
277788977978888
277788977987888
277788977988788
277788977988878
277788977988887
277788978778889
277788978778898
277788978778988
277788978779888
277788978787889
277788978787898
277788978787988
277788978788789
277788978788798
277788978788879
277788978788897
277788978788978
277788978788987
277788978789788
277788978789878
277788978789887
277788978797888
277788978798788
277788978798878
277788978798887
277788978877889
277788978877898
277788978877988
277788978878789
277788978878798
277788978878879
277788978878897
277788978878978
277788978878987
277788978879788
277788978879878
277788978879887
277788978887789
277788978887798
277788978887879
277788978887897
277788978887978
277788978887987
277788978888779
277788978888797
277788978888977
277788978889778
277788978889787
277788978889877
277788978897788
277788978897878
277788978897887
277788978898778
277788978898787
277788978898877
277788978977888
277788978978788
277788978978878
277788978978887
277788978987788
277788978987878
277788978987887
277788978988778
277788978988787
277788978988877
277788979778888
277788979787888
277788979788788
277788979788878
277788979788887
277788979877888
277788979878788
277788979878878
277788979878887
277788979887788
277788979887878
277788979887887
277788979888778
277788979888787
277788979888877
277788987778889
277788987778898
277788987778988
277788987779888
277788987787889
277788987787898
277788987787988
277788987788789
277788987788798
277788987788879
277788987788897
277788987788978
277788987788987
277788987789788
277788987789878
277788987789887
277788987797888
277788987798788
277788987798878
277788987798887
277788987877889
277788987877898
277788987877988
277788987878789
277788987878798
277788987878879
277788987878897
277788987878978
277788987878987
277788987879788
277788987879878
277788987879887
277788987887789
277788987887798
277788987887879
277788987887897
277788987887978
277788987887987
277788987888779
277788987888797
277788987888977
277788987889778
277788987889787
277788987889877
277788987897788
277788987897878
277788987897887
277788987898778
277788987898787
277788987898877
277788987977888
277788987978788
277788987978878
277788987978887
277788987987788
277788987987878
277788987987887
277788987988778
277788987988787
277788987988877
277788988777889
277788988777898
277788988777988
277788988778789
277788988778798
277788988778879
277788988778897
277788988778978
277788988778987
277788988779788
277788988779878
277788988779887
277788988787789
277788988787798
277788988787879
277788988787897
277788988787978
277788988787987
277788988788779
277788988788797
277788988788977
277788988789778
277788988789787
277788988789877
277788988797788
277788988797878
277788988797887
277788988798778
277788988798787
277788988798877
277788988877789
277788988877798
277788988877879
277788988877897
277788988877978
277788988877987
277788988878779
277788988878797
277788988878977
277788988879778
277788988879787
277788988879877
277788988887779
277788988887797
277788988887977
277788988889777
277788988897778
277788988897787
277788988897877
277788988898777
277788988977788
277788988977878
277788988977887
277788988978778
277788988978787
277788988978877
277788988987778
277788988987787
277788988987877
277788988988777
277788989777888
277788989778788
277788989778878
277788989778887
277788989787788
277788989787878
277788989787887
277788989788778
277788989788787
277788989788877
277788989877788
277788989877878
277788989877887
277788989878778
277788989878787
277788989878877
277788989887778
277788989887787
277788989887877
277788989888777
277788997778888
277788997787888
277788997788788
277788997788878
277788997788887
277788997877888
277788997878788
277788997878878
277788997878887
277788997887788
277788997887878
277788997887887
277788997888778
277788997888787
277788997888877
277788998777888
277788998778788
277788998778878
277788998778887
277788998787788
277788998787878
277788998787887
277788998788778
277788998788787
277788998788877
277788998877788
277788998877878
277788998877887
277788998878778
277788998878787
277788998878877
277788998887778
277788998887787
277788998887877
277788998888777
277789777888889
277789777888898
277789777888988
277789777889888
277789777898888
277789777988888
277789778788889
277789778788898
277789778788988
277789778789888
277789778798888
277789778878889
277789778878898
277789778878988
277789778879888
277789778887889
277789778887898
277789778887988
277789778888789
277789778888798
277789778888879
277789778888897
277789778888978
277789778888987
277789778889788
277789778889878
277789778889887
277789778897888
277789778898788
277789778898878
277789778898887
277789778978888
277789778987888
277789778988788
277789778988878
277789778988887
277789779788888
277789779878888
277789779887888
277789779888788
277789779888878
277789779888887
277789787788889
277789787788898
277789787788988
277789787789888
277789787798888
277789787878889
277789787878898
277789787878988
277789787879888
277789787887889
277789787887898
277789787887988
277789787888789
277789787888798
277789787888879
277789787888897
277789787888978
277789787888987
277789787889788
277789787889878
277789787889887
277789787897888
277789787898788
277789787898878
277789787898887
277789787978888
277789787987888
277789787988788
277789787988878
277789787988887
277789788778889
277789788778898
277789788778988
277789788779888
277789788787889
277789788787898
277789788787988
277789788788789
277789788788798
277789788788879
277789788788897
277789788788978
277789788788987
277789788789788
277789788789878
277789788789887
277789788797888
277789788798788
277789788798878
277789788798887
277789788877889
277789788877898
277789788877988
277789788878789
277789788878798
277789788878879
277789788878897
277789788878978
277789788878987
277789788879788
277789788879878
277789788879887
277789788887789
277789788887798
277789788887879
277789788887897
277789788887978
277789788887987
277789788888779
277789788888797
277789788888977
277789788889778
277789788889787
277789788889877
277789788897788
277789788897878
277789788897887
277789788898778
277789788898787
277789788898877
277789788977888
277789788978788
277789788978878
277789788978887
277789788987788
277789788987878
277789788987887
277789788988778
277789788988787
277789788988877
277789789778888
277789789787888
277789789788788
277789789788878
277789789788887
277789789877888
277789789878788
277789789878878
277789789878887
277789789887788
277789789887878
277789789887887
277789789888778
277789789888787
277789789888877
277789797788888
277789797878888
277789797887888
277789797888788
277789797888878
277789797888887
277789798778888
277789798787888
277789798788788
277789798788878
277789798788887
277789798877888
277789798878788
277789798878878
277789798878887
277789798887788
277789798887878
277789798887887
277789798888778
277789798888787
277789798888877
277789877788889
277789877788898
277789877788988
277789877789888
277789877798888
277789877878889
277789877878898
277789877878988
277789877879888
277789877887889
277789877887898
277789877887988
277789877888789
277789877888798
277789877888879
277789877888897
277789877888978
277789877888987
277789877889788
277789877889878
277789877889887
277789877897888
277789877898788
277789877898878
277789877898887
277789877978888
277789877987888
277789877988788
277789877988878
277789877988887
277789878778889
277789878778898
277789878778988
277789878779888
277789878787889
277789878787898
277789878787988
277789878788789
277789878788798
277789878788879
277789878788897
277789878788978
277789878788987
277789878789788
277789878789878
277789878789887
277789878797888
277789878798788
277789878798878
277789878798887
277789878877889
277789878877898
277789878877988
277789878878789
277789878878798
277789878878879
277789878878897
277789878878978
277789878878987
277789878879788
277789878879878
277789878879887
277789878887789
277789878887798
277789878887879
277789878887897
277789878887978
277789878887987
277789878888779
277789878888797
277789878888977
277789878889778
277789878889787
277789878889877
277789878897788
277789878897878
277789878897887
277789878898778
277789878898787
277789878898877
277789878977888
277789878978788
277789878978878
277789878978887
277789878987788
277789878987878
277789878987887
277789878988778
277789878988787
277789878988877
277789879778888
277789879787888
277789879788788
277789879788878
277789879788887
277789879877888
277789879878788
277789879878878
277789879878887
277789879887788
277789879887878
277789879887887
277789879888778
277789879888787
277789879888877
277789887778889
277789887778898
277789887778988
277789887779888
277789887787889
277789887787898
277789887787988
277789887788789
277789887788798
277789887788879
277789887788897
277789887788978
277789887788987
277789887789788
277789887789878
277789887789887
277789887797888
277789887798788
277789887798878
277789887798887
277789887877889
277789887877898
277789887877988
277789887878789
277789887878798
277789887878879
277789887878897
277789887878978
277789887878987
277789887879788
277789887879878
277789887879887
277789887887789
277789887887798
277789887887879
277789887887897
277789887887978
277789887887987
277789887888779
277789887888797
277789887888977
277789887889778
277789887889787
277789887889877
277789887897788
277789887897878
277789887897887
277789887898778
277789887898787
277789887898877
277789887977888
277789887978788
277789887978878
277789887978887
277789887987788
277789887987878
277789887987887
277789887988778
277789887988787
277789887988877
277789888777889
277789888777898
277789888777988
277789888778789
277789888778798
277789888778879
277789888778897
277789888778978
277789888778987
277789888779788
277789888779878
277789888779887
277789888787789
277789888787798
277789888787879
277789888787897
277789888787978
277789888787987
277789888788779
277789888788797
277789888788977
277789888789778
277789888789787
277789888789877
277789888797788
277789888797878
277789888797887
277789888798778
277789888798787
277789888798877
277789888877789
277789888877798
277789888877879
277789888877897
277789888877978
277789888877987
277789888878779
277789888878797
277789888878977
277789888879778
277789888879787
277789888879877
277789888887779
277789888887797
277789888887977
277789888889777
277789888897778
277789888897787
277789888897877
277789888898777
277789888977788
277789888977878
277789888977887
277789888978778
277789888978787
277789888978877
277789888987778
277789888987787
277789888987877
277789888988777
277789889777888
277789889778788
277789889778878
277789889778887
277789889787788
277789889787878
277789889787887
277789889788778
277789889788787
277789889788877
277789889877788
277789889877878
277789889877887
277789889878778
277789889878787
277789889878877
277789889887778
277789889887787
277789889887877
277789889888777
277789897778888
277789897787888
277789897788788
277789897788878
277789897788887
277789897877888
277789897878788
277789897878878
277789897878887
277789897887788
277789897887878
277789897887887
277789897888778
277789897888787
277789897888877
277789898777888
277789898778788
277789898778878
277789898778887
277789898787788
277789898787878
277789898787887
277789898788778
277789898788787
277789898788877
277789898877788
277789898877878
277789898877887
277789898878778
277789898878787
277789898878877
277789898887778
277789898887787
277789898887877
277789898888777
277789977788888
277789977878888
277789977887888
277789977888788
277789977888878
277789977888887
277789978778888
277789978787888
277789978788788
277789978788878
277789978788887
277789978877888
277789978878788
277789978878878
277789978878887
277789978887788
277789978887878
277789978887887
277789978888778
277789978888787
277789978888877
277789987778888
277789987787888
277789987788788
277789987788878
277789987788887
277789987877888
277789987878788
277789987878878
277789987878887
277789987887788
277789987887878
277789987887887
277789987888778
277789987888787
277789987888877
277789988777888
277789988778788
277789988778878
277789988778887
277789988787788
277789988787878
277789988787887
277789988788778
277789988788787
277789988788877
277789988877788
277789988877878
277789988877887
277789988878778
277789988878787
277789988878877
277789988887778
277789988887787
277789988887877
277789988888777
277797778888889
277797778888898
277797778888988
277797778889888
277797778898888
277797778988888
277797779888888
277797787888889
277797787888898
277797787888988
277797787889888
277797787898888
277797787988888
277797788788889
277797788788898
277797788788988
277797788789888
277797788798888
277797788878889
277797788878898
277797788878988
277797788879888
277797788887889
277797788887898
277797788887988
277797788888789
277797788888798
277797788888879
277797788888897
277797788888978
277797788888987
277797788889788
277797788889878
277797788889887
277797788897888
277797788898788
277797788898878
277797788898887
277797788978888
277797788987888
277797788988788
277797788988878
277797788988887
277797789788888
277797789878888
277797789887888
277797789888788
277797789888878
277797789888887
277797797888888
277797798788888
277797798878888
277797798887888
277797798888788
277797798888878
277797798888887
277797877888889
277797877888898
277797877888988
277797877889888
277797877898888
277797877988888
277797878788889
277797878788898
277797878788988
277797878789888
277797878798888
277797878878889
277797878878898
277797878878988
277797878879888
277797878887889
277797878887898
277797878887988
277797878888789
277797878888798
277797878888879
277797878888897
277797878888978
277797878888987
277797878889788
277797878889878
277797878889887
277797878897888
277797878898788
277797878898878
277797878898887
277797878978888
277797878987888
277797878988788
277797878988878
277797878988887
277797879788888
277797879878888
277797879887888
277797879888788
277797879888878
277797879888887
277797887788889
277797887788898
277797887788988
277797887789888
277797887798888
277797887878889
277797887878898
277797887878988
277797887879888
277797887887889
277797887887898
277797887887988
277797887888789
277797887888798
277797887888879
277797887888897
277797887888978
277797887888987
277797887889788
277797887889878
277797887889887
277797887897888
277797887898788
277797887898878
277797887898887
277797887978888
277797887987888
277797887988788
277797887988878
277797887988887
277797888778889
277797888778898
277797888778988
277797888779888
277797888787889
277797888787898
277797888787988
277797888788789
277797888788798
277797888788879
277797888788897
277797888788978
277797888788987
277797888789788
277797888789878
277797888789887
277797888797888
277797888798788
277797888798878
277797888798887
277797888877889
277797888877898
277797888877988
277797888878789
277797888878798
277797888878879
277797888878897
277797888878978
277797888878987
277797888879788
277797888879878
277797888879887
277797888887789
277797888887798
277797888887879
277797888887897
277797888887978
277797888887987
277797888888779
277797888888797
277797888888977
277797888889778
277797888889787
277797888889877
277797888897788
277797888897878
277797888897887
277797888898778
277797888898787
277797888898877
277797888977888
277797888978788
277797888978878
277797888978887
277797888987788
277797888987878
277797888987887
277797888988778
277797888988787
277797888988877
277797889778888
277797889787888
277797889788788
277797889788878
277797889788887
277797889877888
277797889878788
277797889878878
277797889878887
277797889887788
277797889887878
277797889887887
277797889888778
277797889888787
277797889888877
277797897788888
277797897878888
277797897887888
277797897888788
277797897888878
277797897888887
277797898778888
277797898787888
277797898788788
277797898788878
277797898788887
277797898877888
277797898878788
277797898878878
277797898878887
277797898887788
277797898887878
277797898887887
277797898888778
277797898888787
277797898888877
277797977888888
277797978788888
277797978878888
277797978887888
277797978888788
277797978888878
277797978888887
277797987788888
277797987878888
277797987887888
277797987888788
277797987888878
277797987888887
277797988778888
277797988787888
277797988788788
277797988788878
277797988788887
277797988877888
277797988878788
277797988878878
277797988878887
277797988887788
277797988887878
277797988887887
277797988888778
277797988888787
277797988888877
277798777888889
277798777888898
277798777888988
277798777889888
277798777898888
277798777988888
277798778788889
277798778788898
277798778788988
277798778789888
277798778798888
277798778878889
277798778878898
277798778878988
277798778879888
277798778887889
277798778887898
277798778887988
277798778888789
277798778888798
277798778888879
277798778888897
277798778888978
277798778888987
277798778889788
277798778889878
277798778889887
277798778897888
277798778898788
277798778898878
277798778898887
277798778978888
277798778987888
277798778988788
277798778988878
277798778988887
277798779788888
277798779878888
277798779887888
277798779888788
277798779888878
277798779888887
277798787788889
277798787788898
277798787788988
277798787789888
277798787798888
277798787878889
277798787878898
277798787878988
277798787879888
277798787887889
277798787887898
277798787887988
277798787888789
277798787888798
277798787888879
277798787888897
277798787888978
277798787888987
277798787889788
277798787889878
277798787889887
277798787897888
277798787898788
277798787898878
277798787898887
277798787978888
277798787987888
277798787988788
277798787988878
277798787988887
277798788778889
277798788778898
277798788778988
277798788779888
277798788787889
277798788787898
277798788787988
277798788788789
277798788788798
277798788788879
277798788788897
277798788788978
277798788788987
277798788789788
277798788789878
277798788789887
277798788797888
277798788798788
277798788798878
277798788798887
277798788877889
277798788877898
277798788877988
277798788878789
277798788878798
277798788878879
277798788878897
277798788878978
277798788878987
277798788879788
277798788879878
277798788879887
277798788887789
277798788887798
277798788887879
277798788887897
277798788887978
277798788887987
277798788888779
277798788888797
277798788888977
277798788889778
277798788889787
277798788889877
277798788897788
277798788897878
277798788897887
277798788898778
277798788898787
277798788898877
277798788977888
277798788978788
277798788978878
277798788978887
277798788987788
277798788987878
277798788987887
277798788988778
277798788988787
277798788988877
277798789778888
277798789787888
277798789788788
277798789788878
277798789788887
277798789877888
277798789878788
277798789878878
277798789878887
277798789887788
277798789887878
277798789887887
277798789888778
277798789888787
277798789888877
277798797788888
277798797878888
277798797887888
277798797888788
277798797888878
277798797888887
277798798778888
277798798787888
277798798788788
277798798788878
277798798788887
277798798877888
277798798878788
277798798878878
277798798878887
277798798887788
277798798887878
277798798887887
277798798888778
277798798888787
277798798888877
277798877788889
277798877788898
277798877788988
277798877789888
277798877798888
277798877878889
277798877878898
277798877878988
277798877879888
277798877887889
277798877887898
277798877887988
277798877888789
277798877888798
277798877888879
277798877888897
277798877888978
277798877888987
277798877889788
277798877889878
277798877889887
277798877897888
277798877898788
277798877898878
277798877898887
277798877978888
277798877987888
277798877988788
277798877988878
277798877988887
277798878778889
277798878778898
277798878778988
277798878779888
277798878787889
277798878787898
277798878787988
277798878788789
277798878788798
277798878788879
277798878788897
277798878788978
277798878788987
277798878789788
277798878789878
277798878789887
277798878797888
277798878798788
277798878798878
277798878798887
277798878877889
277798878877898
277798878877988
277798878878789
277798878878798
277798878878879
277798878878897
277798878878978
277798878878987
277798878879788
277798878879878
277798878879887
277798878887789
277798878887798
277798878887879
277798878887897
277798878887978
277798878887987
277798878888779
277798878888797
277798878888977
277798878889778
277798878889787
277798878889877
277798878897788
277798878897878
277798878897887
277798878898778
277798878898787
277798878898877
277798878977888
277798878978788
277798878978878
277798878978887
277798878987788
277798878987878
277798878987887
277798878988778
277798878988787
277798878988877
277798879778888
277798879787888
277798879788788
277798879788878
277798879788887
277798879877888
277798879878788
277798879878878
277798879878887
277798879887788
277798879887878
277798879887887
277798879888778
277798879888787
277798879888877
277798887778889
277798887778898
277798887778988
277798887779888
277798887787889
277798887787898
277798887787988
277798887788789
277798887788798
277798887788879
277798887788897
277798887788978
277798887788987
277798887789788
277798887789878
277798887789887
277798887797888
277798887798788
277798887798878
277798887798887
277798887877889
277798887877898
277798887877988
277798887878789
277798887878798
277798887878879
277798887878897
277798887878978
277798887878987
277798887879788
277798887879878
277798887879887
277798887887789
277798887887798
277798887887879
277798887887897
277798887887978
277798887887987
277798887888779
277798887888797
277798887888977
277798887889778
277798887889787
277798887889877
277798887897788
277798887897878
277798887897887
277798887898778
277798887898787
277798887898877
277798887977888
277798887978788
277798887978878
277798887978887
277798887987788
277798887987878
277798887987887
277798887988778
277798887988787
277798887988877
277798888777889
277798888777898
277798888777988
277798888778789
277798888778798
277798888778879
277798888778897
277798888778978
277798888778987
277798888779788
277798888779878
277798888779887
277798888787789
277798888787798
277798888787879
277798888787897
277798888787978
277798888787987
277798888788779
277798888788797
277798888788977
277798888789778
277798888789787
277798888789877
277798888797788
277798888797878
277798888797887
277798888798778
277798888798787
277798888798877
277798888877789
277798888877798
277798888877879
277798888877897
277798888877978
277798888877987
277798888878779
277798888878797
277798888878977
277798888879778
277798888879787
277798888879877
277798888887779
277798888887797
277798888887977
277798888889777
277798888897778
277798888897787
277798888897877
277798888898777
277798888977788
277798888977878
277798888977887
277798888978778
277798888978787
277798888978877
277798888987778
277798888987787
277798888987877
277798888988777
277798889777888
277798889778788
277798889778878
277798889778887
277798889787788
277798889787878
277798889787887
277798889788778
277798889788787
277798889788877
277798889877788
277798889877878
277798889877887
277798889878778
277798889878787
277798889878877
277798889887778
277798889887787
277798889887877
277798889888777
277798897778888
277798897787888
277798897788788
277798897788878
277798897788887
277798897877888
277798897878788
277798897878878
277798897878887
277798897887788
277798897887878
277798897887887
277798897888778
277798897888787
277798897888877
277798898777888
277798898778788
277798898778878
277798898778887
277798898787788
277798898787878
277798898787887
277798898788778
277798898788787
277798898788877
277798898877788
277798898877878
277798898877887
277798898878778
277798898878787
277798898878877
277798898887778
277798898887787
277798898887877
277798898888777
277798977788888
277798977878888
277798977887888
277798977888788
277798977888878
277798977888887
277798978778888
277798978787888
277798978788788
277798978788878
277798978788887
277798978877888
277798978878788
277798978878878
277798978878887
277798978887788
277798978887878
277798978887887
277798978888778
277798978888787
277798978888877
277798987778888
277798987787888
277798987788788
277798987788878
277798987788887
277798987877888
277798987878788
277798987878878
277798987878887
277798987887788
277798987887878
277798987887887
277798987888778
277798987888787
277798987888877
277798988777888
277798988778788
277798988778878
277798988778887
277798988787788
277798988787878
277798988787887
277798988788778
277798988788787
277798988788877
277798988877788
277798988877878
277798988877887
277798988878778
277798988878787
277798988878877
277798988887778
277798988887787
277798988887877
277798988888777
277799777888888
277799778788888
277799778878888
277799778887888
277799778888788
277799778888878
277799778888887
277799787788888
277799787878888
277799787887888
277799787888788
277799787888878
277799787888887
277799788778888
277799788787888
277799788788788
277799788788878
277799788788887
277799788877888
277799788878788
277799788878878
277799788878887
277799788887788
277799788887878
277799788887887
277799788888778
277799788888787
277799788888877
277799877788888
277799877878888
277799877887888
277799877888788
277799877888878
277799877888887
277799878778888
277799878787888
277799878788788
277799878788878
277799878788887
277799878877888
277799878878788
277799878878878
277799878878887
277799878887788
277799878887878
277799878887887
277799878888778
277799878888787
277799878888877
277799887778888
277799887787888
277799887788788
277799887788878
277799887788887
277799887877888
277799887878788
277799887878878
277799887878887
277799887887788
277799887887878
277799887887887
277799887888778
277799887888787
277799887888877
277799888777888
277799888778788
277799888778878
277799888778887
277799888787788
277799888787878
277799888787887
277799888788778
277799888788787
277799888788877
277799888877788
277799888877878
277799888877887
277799888878778
277799888878787
277799888878877
277799888887778
277799888887787
277799888887877
277799888888777
